Vessel Name: HT1080-WT_ATF4-rep_OMA1-KO-pool_p1
Date Time	Elapsed	A1	B1	C1	D1	A2	B2	C2	D2	A3	B3	C3	D3	A4	B4	C4	D4	A5	B5	C5	D5	A6	B6	C6	D6
2/4/2022 11:00:00 PM	0	3286137	3228955	2834141	3921176	3494441	2592250	3285597	3375422	3069655	3808147	3403811	3743392	2840684	3534300	2458350	3387274	2350970	2901044	2336969	3338760	2415233	2275516	3118220	2676642
2/5/2022 12:30:00 AM	1.5	3116949	3119338	2824063	3669118	3419462	2620469	3261221	3333089	3035040	3689406	3242849	3735745	2866134	3434787	2384215	3418689	2318596	2866787	2229465	3295713	2403840	2260879	3076703	2603708
2/5/2022 2:00:00 AM	3	3202841	3192387	2836031	3705040	3227720	2635797	3246787	3200704	2987312	3720581	3356069	3838401	2808657	3288282	2386311	3464429	2271098	2937897	2200255	3417948	2282181	2264073	3005239	2595175
2/5/2022 3:30:00 AM	4.5	3198908	3095164	2875294	3953133	3215531	2645031	3068042	3405407	3144983	3654799	3416050	3914844	2748840	3256603	2424377	3471157	2194218	2986520	2105455	3365895	2330133	2327713	3029422	2484888
2/5/2022 5:00:00 AM	6	3413909	3161333	3051821	3782358	3318371	2660358	3086366	3310147	3322318	3770523	3562176	4140014	2736836	3272973	2442122	3488532	2263955	3103619	2180244	3421658	2451387	2291968	3043010	2681059
2/5/2022 6:30:00 AM	7.5	3551248	3121437	3095579	3957450	3405675	2677307	3031065	3228293	3246781	3919756	3708577	4229395	2819081	3322471	2476828	3453774	2211707	3041779	2168854	3378014	2431988	2392197	3071318	2668295
2/5/2022 8:00:00 AM	9	3601809	3125003	3125285	3961258	3422901	2703783	2931614	3299476	3355752	3994457	3808534	4341239	2945715	3307025	2536081	3458005	2333026	3065662	2218975	3374917	2463131	2537259	3081377	2693241
2/5/2022 9:30:00 AM	10.5	3646080	3319072	3155163	4350226	3415013	2791027	3013832	3360117	3544705	4103985	4025485	4408503	2944622	3398974	2583342	3605877	2466523	3175976	2277773	3557091	2419136	2536031	3143573	2736841
