Vessel Name: HT1080-WT_ATF4-rep_OMA1-KO-pool_p5
Date Time	Elapsed	A1	B1	C1	D1	A2	B2	C2	D2	A3	B3	C3	D3	A4	B4	C4	D4	A5	B5	C5	D5	A6	B6	C6	D6
2/4/2022 11:48:00 PM	0	7756720	7827074	7341134	8795774	7868947	8231950	7474579	6877093	8542245	8355111	8137462	8781339	7964050	7513518	6474179	7423875	7331682	7682657	7147870	7678166	6646428	7058890	6765026	6725189
2/5/2022 1:18:00 AM	1.5	1.019136E+07	1.012156E+07	9313702	1.164303E+07	1.021114E+07	1.117694E+07	9409558	9045668	1.083208E+07	1.090725E+07	1.090872E+07	1.11878E+07	1.074291E+07	9794700	8814090	9831308	9958996	1.053384E+07	9705785	9984604	8847706	9472303	9126805	9066606
2/5/2022 2:48:00 AM	3	1.302749E+07	1.275198E+07	1.145953E+07	1.47299E+07	1.288108E+07	1.450647E+07	1.150962E+07	1.17096E+07	1.367794E+07	1.351506E+07	1.361847E+07	1.4094E+07	1.329429E+07	1.188024E+07	1.105036E+07	1.225463E+07	1.262916E+07	1.277689E+07	1.185429E+07	1.278008E+07	1.154869E+07	1.200695E+07	1.166787E+07	1.196274E+07
2/5/2022 4:18:00 AM	4.5	1.520763E+07	1.482945E+07	1.330193E+07	1.789484E+07	1.600431E+07	1.737816E+07	1.390781E+07	1.437871E+07	1.660487E+07	1.683131E+07	1.628297E+07	1.711306E+07	1.609108E+07	1.493262E+07	1.389317E+07	1.505215E+07	1.498784E+07	1.537682E+07	1.460707E+07	1.523438E+07	1.38416E+07	1.449051E+07	1.4363E+07	1.473609E+07
2/5/2022 5:48:00 AM	6	1.830595E+07	1.784067E+07	1.534069E+07	2.103751E+07	1.874398E+07	2.071702E+07	1.662824E+07	1.704342E+07	1.905645E+07	1.969462E+07	1.934548E+07	2.060481E+07	1.970406E+07	1.775145E+07	1.678043E+07	1.807578E+07	1.801861E+07	1.83467E+07	1.723459E+07	1.832327E+07	1.701885E+07	1.698502E+07	1.72002E+07	1.794399E+07
2/5/2022 7:18:00 AM	7.5	2.071674E+07	2.018082E+07	1.752315E+07	2.397898E+07	2.149967E+07	2.480619E+07	1.878278E+07	1.951601E+07	2.212358E+07	2.218428E+07	2.217989E+07	2.387774E+07	2.25205E+07	2.056515E+07	1.953691E+07	2.09026E+07	2.134228E+07	2.127526E+07	2.024567E+07	2.115836E+07	1.981889E+07	1.990959E+07	2.039756E+07	2.055489E+07
2/5/2022 8:48:00 AM	9	2.305807E+07	2.297224E+07	1.932745E+07	2.68715E+07	2.37444E+07	2.736496E+07	2.151112E+07	2.217778E+07	2.517637E+07	2.481068E+07	2.506437E+07	2.692772E+07	2.490628E+07	2.292216E+07	2.204281E+07	2.41899E+07	2.434701E+07	2.371621E+07	2.276895E+07	2.404559E+07	2.316975E+07	2.254284E+07	2.329861E+07	2.35192E+07
2/5/2022 10:18:00 AM	10.5	2.545675E+07	2.526354E+07	2.185844E+07	2.96797E+07	2.660769E+07	3.054676E+07	2.384224E+07	2.469117E+07	2.719644E+07	2.796014E+07	2.810447E+07	2.940349E+07	2.817798E+07	2.572265E+07	2.410649E+07	2.647182E+07	2.6754E+07	2.647053E+07	2.50765E+07	2.631945E+07	2.547561E+07	2.541776E+07	2.600447E+07	2.610469E+07
