Vessel Name: HT1080-WT_ATF4-rep_OMA1-KO-pool_p6
Date Time	Elapsed	A1	B1	C1	D1	A2	B2	C2	D2	A3	B3	C3	D3	A4	B4	C4	D4	A5	B5	C5	D5	A6	B6	C6	D6
2/5/2022 12:00:00 AM	0	2248045	2124329	2671177	2729842	3034538	2792656	2493535	2796906	3045895	3334772	3578191	3605151	2761416	3284986	3441002	2436326	2769082	3420705	3074430	3093172	3652240	3301594	3565351	3426869
2/5/2022 1:30:00 AM	1.5	2382639	2188396	2707717	2773422	3058831	2866060	2452982	2765016	2909689	3122613	3516036	3570567	2793800	3169515	3422038	2537236	2669505	3342913	3001601	3164836	3813486	3445702	3770797	3511132
2/5/2022 3:00:00 AM	3	2274959	2076180	2622772	2688285	2990822	2937835	2303757	2908029	2736173	2921927	3384190	3527379	2836269	3202694	3359082	2576410	2549456	3145611	2948215	2968879	3831466	3685549	3959970	3498329
2/5/2022 4:30:00 AM	4.5	2139224	2183754	2561998	2614926	3005526	2761866	2294213	2653984	2715777	2878036	3265494	3459148	2867554	3428258	3298690	2711967	2556797	3311266	2872589	2876215	3907691	3689278	4029914	3577807
2/5/2022 6:00:00 AM	6	2159813	2271413	2646651	2719481	3031968	2705852	2583237	2587503	2603513	2817193	3244602	3362302	2926070	3592686	3510060	2887134	2629392	3072076	2843341	3046606	3923128	3727589	4203525	3754028
2/5/2022 7:30:00 AM	7.5	2227049	2347259	2662923	2702685	3126738	2690125	2724328	2439796	2663049	2830447	3066603	3531796	3087796	3753555	3917554	2923365	2567371	3150999	2883481	3010293	3774188	3758646	4282368	3727749
2/5/2022 9:00:00 AM	9	2312382	2453394	2767038	2780408	3030722	2833177	2780694	2360145	2691733	2768078	3114005	3514446	3136442	3957305	4069538	3087109	2576080	3009403	2856074	3094523	3687087	3685364	4220572	3546554
2/5/2022 10:30:00 AM	10.5	2425518	2584045	2877789	2956518	3176947	3004941	2857990	2523181	2699008	2847312	3152870	3482372	3443843	4201679	4331072	3243999	2591448	3041421	2845309	3118927	3494275	3686494	4342629	3510743
