Vessel Name: HT1080-GOT-DKO_ATF4-rep-high_p4
Date Time	Elapsed	A1	B1	C1	D1	A2	B2	C2	D2	A3	B3	C3	D3	A4	B4	C4	D4	A5	B5	C5	D5	A6	B6	C6	D6
2/1/2022 3:16:00 PM	0	2.570059E+07	2.475295E+07	2.395746E+07	2.674301E+07	2.389905E+07	2.436569E+07	2.542307E+07	2.325618E+07	2.335009E+07	2.417076E+07	2.43071E+07	2.482796E+07	2.461022E+07	2.509161E+07	2.565083E+07	2.36857E+07	2.400855E+07	2.283726E+07	2.450029E+07	2.302066E+07	2.273878E+07	2.662929E+07	2.328369E+07	2.358475E+07
2/1/2022 4:46:00 PM	1.5	2.441324E+07	2.338389E+07	2.262516E+07	2.536225E+07	2.462717E+07	2.354128E+07	2.503971E+07	2.264707E+07	2.305268E+07	2.427742E+07	2.47285E+07	2.493929E+07	2.485028E+07	2.578047E+07	2.585682E+07	2.419423E+07	2.567668E+07	2.461761E+07	2.62751E+07	2.423794E+07	2.467906E+07	2.84994E+07	2.592143E+07	2.589918E+07
2/1/2022 6:16:00 PM	3	2.596446E+07	2.503444E+07	2.504086E+07	2.675043E+07	2.806599E+07	2.699883E+07	2.872E+07	2.661555E+07	2.655697E+07	2.772198E+07	2.813305E+07	2.906239E+07	2.836255E+07	2.879715E+07	2.943575E+07	2.799247E+07	2.913248E+07	2.862403E+07	3.026249E+07	2.868738E+07	2.725713E+07	3.15111E+07	2.877477E+07	2.877714E+07
2/1/2022 7:46:00 PM	4.5	3.227232E+07	3.184321E+07	3.028977E+07	3.120671E+07	3.776306E+07	3.659272E+07	3.928388E+07	3.664326E+07	3.398679E+07	3.546847E+07	3.780127E+07	3.750733E+07	3.588489E+07	3.707758E+07	3.69536E+07	3.534086E+07	3.441543E+07	3.44292E+07	3.596466E+07	3.543488E+07	3.037234E+07	3.388506E+07	3.201676E+07	3.24697E+07
2/1/2022 9:16:00 PM	6	4.03502E+07	3.961255E+07	3.832294E+07	3.859372E+07	5.213052E+07	5.332305E+07	5.546872E+07	5.265547E+07	4.981117E+07	4.92495E+07	5.266638E+07	5.226369E+07	4.698483E+07	4.963447E+07	4.801288E+07	4.785905E+07	4.006184E+07	4.052616E+07	4.215732E+07	4.208604E+07	3.188946E+07	3.57463E+07	3.485046E+07	3.409026E+07
2/1/2022 10:46:00 PM	7.5	4.873832E+07	4.789586E+07	4.51924E+07	4.640927E+07	6.695566E+07	6.844257E+07	7.109971E+07	7.047759E+07	6.424736E+07	6.590005E+07	6.776699E+07	6.850849E+07	5.898253E+07	6.284412E+07	5.885806E+07	6.099733E+07	4.589458E+07	4.4816E+07	4.705467E+07	4.732884E+07	3.247555E+07	3.71861E+07	3.575592E+07	3.397779E+07
2/2/2022 12:16:00 AM	9	5.484817E+07	5.451508E+07	4.98695E+07	5.23643E+07	7.989283E+07	8.323495E+07	8.655118E+07	8.473399E+07	7.906153E+07	7.789701E+07	8.264122E+07	8.329483E+07	7.140621E+07	7.56007E+07	7.161053E+07	7.494451E+07	5.025434E+07	5.012298E+07	5.10424E+07	5.22139E+07	3.366003E+07	3.821383E+07	3.661805E+07	3.542576E+07
2/2/2022 1:46:00 AM	10.5	5.897445E+07	5.945176E+07	5.40165E+07	5.630622E+07	9.097511E+07	9.62895E+07	9.815677E+07	9.664766E+07	9.193742E+07	9.015965E+07	9.60753E+07	9.683204E+07	8.25318E+07	8.806101E+07	8.220198E+07	8.687608E+07	5.515221E+07	5.395688E+07	5.612797E+07	5.675754E+07	3.583527E+07	4.098352E+07	3.908507E+07	3.644718E+07
2/2/2022 3:16:00 AM	12	6.174891E+07	6.193845E+07	5.781676E+07	5.838442E+07	1.004548E+08	1.071743E+08	1.091825E+08	1.072114E+08	1.04086E+08	1.026786E+08	1.07603E+08	1.095315E+08	9.302588E+07	9.969265E+07	9.271638E+07	9.858874E+07	5.901273E+07	5.851475E+07	5.961282E+07	6.145369E+07	3.774185E+07	4.277064E+07	4.061358E+07	3.824013E+07
2/2/2022 4:46:00 AM	13.5	6.31565E+07	6.425842E+07	6.008706E+07	6.074792E+07	1.096974E+08	1.183932E+08	1.195201E+08	1.172681E+08	1.152061E+08	1.135552E+08	1.190651E+08	1.214883E+08	1.039022E+08	1.110285E+08	1.030304E+08	1.09377E+08	6.575048E+07	6.202856E+07	6.384055E+07	6.693295E+07	4.061457E+07	4.407406E+07	4.286414E+07	4.036119E+07
2/2/2022 6:16:00 AM	15	6.492012E+07	6.587364E+07	6.192136E+07	6.243199E+07	1.186835E+08	1.278154E+08	1.288175E+08	1.262736E+08	1.263866E+08	1.245137E+08	1.30526E+08	1.328912E+08	1.138609E+08	1.212552E+08	1.141198E+08	1.209694E+08	7.026366E+07	6.737427E+07	6.870206E+07	7.07755E+07	4.230466E+07	4.675752E+07	4.37478E+07	4.225086E+07
2/2/2022 7:46:00 AM	16.5	6.612796E+07	6.761592E+07	6.263307E+07	6.303289E+07	1.275804E+08	1.373368E+08	1.37883E+08	1.356572E+08	1.368998E+08	1.355983E+08	1.41982E+08	1.44231E+08	1.252716E+08	1.330739E+08	1.242487E+08	1.326646E+08	7.41983E+07	7.042838E+07	7.395926E+07	7.535033E+07	4.455448E+07	4.777705E+07	4.527207E+07	4.343621E+07
2/2/2022 9:16:00 AM	18	6.655335E+07	6.777339E+07	6.324105E+07	6.342285E+07	1.365552E+08	1.469801E+08	1.474134E+08	1.440364E+08	1.484387E+08	1.472952E+08	1.542048E+08	1.558866E+08	1.361185E+08	1.440755E+08	1.356362E+08	1.440655E+08	7.836194E+07	7.630234E+07	7.880202E+07	8.115637E+07	4.477182E+07	4.8049E+07	4.533668E+07	4.345387E+07
2/2/2022 10:46:00 AM	19.5	6.641122E+07	6.718317E+07	6.291064E+07	6.332743E+07	1.466107E+08	1.575138E+08	1.578682E+08	1.541263E+08	1.611315E+08	1.600847E+08	1.662871E+08	1.692409E+08	1.46308E+08	1.568567E+08	1.477246E+08	1.562347E+08	8.194251E+07	8.084167E+07	8.266893E+07	8.628369E+07	4.551776E+07	4.824245E+07	4.435327E+07	4.396508E+07
2/2/2022 12:16:00 PM	21	6.582302E+07	6.640926E+07	6.267762E+07	6.227676E+07	1.56202E+08	1.684945E+08	1.6796E+08	1.647425E+08	1.745261E+08	1.741862E+08	1.803112E+08	1.833562E+08	1.596925E+08	1.694854E+08	1.599777E+08	1.680656E+08	8.582462E+07	8.457808E+07	8.665526E+07	9.032658E+07	4.61308E+07	4.81685E+07	4.377702E+07	4.389206E+07
2/2/2022 1:46:00 PM	22.5	6.48976E+07	6.535256E+07	6.157987E+07	6.114064E+07	1.667058E+08	1.789091E+08	1.792229E+08	1.759976E+08	1.889598E+08	1.88878E+08	1.966004E+08	2.000694E+08	1.723454E+08	1.82823E+08	1.73669E+08	1.823446E+08	8.833761E+07	8.688165E+07	8.924833E+07	9.272666E+07	4.577372E+07	4.820802E+07	4.354728E+07	4.302915E+07
2/2/2022 3:16:00 PM	24	6.314001E+07	6.41509E+07	6.043194E+07	5.970308E+07	1.78562E+08	1.919819E+08	1.917145E+08	1.892499E+08	2.046052E+08	2.058402E+08	2.141328E+08	2.180501E+08	1.855394E+08	1.962545E+08	1.866404E+08	1.974827E+08	9.183815E+07	8.976336E+07	8.984966E+07	9.83659E+07	4.58001E+07	4.829162E+07	4.332919E+07	4.43379E+07
2/2/2022 4:46:00 PM	25.5	6.174296E+07	6.21693E+07	5.905761E+07	5.823182E+07	1.910653E+08	2.048732E+08	2.048401E+08	2.026565E+08	2.211104E+08	2.217984E+08	2.31845E+08	2.352586E+08	1.980897E+08	2.129775E+08	2.018371E+08	2.127526E+08	9.517061E+07	9.379323E+07	9.488946E+07	9.939177E+07	4.579431E+07	4.892865E+07	4.322507E+07	4.419974E+07
2/2/2022 6:16:00 PM	27	5.931081E+07	5.99524E+07	5.741786E+07	5.642263E+07	2.048581E+08	2.192229E+08	2.188944E+08	2.166799E+08	2.381071E+08	2.393562E+08	2.502045E+08	2.542048E+08	2.127413E+08	2.287921E+08	2.154668E+08	2.280023E+08	1.012886E+08	9.804061E+07	9.988166E+07	1.051998E+08	4.609174E+07	4.952315E+07	4.233846E+07	4.410366E+07
2/2/2022 7:46:00 PM	28.5	5.685726E+07	5.832981E+07	5.529874E+07	5.449645E+07	2.18487E+08	2.334552E+08	2.337129E+08	2.311235E+08	2.553763E+08	2.575702E+08	2.669355E+08	2.726282E+08	2.2581E+08	2.42902E+08	2.316576E+08	2.4517E+08	1.062283E+08	1.020419E+08	1.052371E+08	1.119625E+08	4.584573E+07	4.875502E+07	4.351218E+07	4.406977E+07
2/2/2022 9:16:00 PM	30	5.471998E+07	5.543608E+07	5.33266E+07	5.241082E+07	2.310013E+08	2.478665E+08	2.46802E+08	2.454481E+08	2.727481E+08	2.775332E+08	2.851135E+08	2.905993E+08	2.410298E+08	2.598332E+08	2.469438E+08	2.601375E+08	1.115898E+08	1.11014E+08	1.124668E+08	1.173499E+08	4.52315E+07	4.759797E+07	4.291504E+07	4.310188E+07
2/2/2022 10:46:00 PM	31.5	5.218853E+07	5.322299E+07	5.152649E+07	5.011314E+07	2.453823E+08	2.624652E+08	2.603889E+08	2.606919E+08	2.915624E+08	2.963078E+08	3.045671E+08	3.092994E+08	2.584062E+08	2.776839E+08	2.610115E+08	2.775781E+08	1.176313E+08	1.194929E+08	1.214068E+08	1.25908E+08	4.495268E+07	4.670094E+07	4.208192E+07	4.225404E+07
2/3/2022 12:16:00 AM	33	5.004805E+07	5.119032E+07	4.991044E+07	4.812274E+07	2.595876E+08	2.76512E+08	2.779022E+08	2.739136E+08	3.109592E+08	3.153557E+08	3.224698E+08	3.302196E+08	2.747241E+08	2.947138E+08	2.789938E+08	2.946335E+08	1.269828E+08	1.233137E+08	1.286151E+08	1.332811E+08	4.407616E+07	4.727418E+07	4.164159E+07	4.254823E+07
2/3/2022 1:46:00 AM	34.5	4.807878E+07	4.907028E+07	4.775993E+07	4.608808E+07	2.732103E+08	2.926214E+08	2.918202E+08	2.876318E+08	3.287173E+08	3.349135E+08	3.418816E+08	3.489416E+08	2.935008E+08	3.134497E+08	2.959816E+08	3.13036E+08	1.366633E+08	1.341319E+08	1.40981E+08	1.429622E+08	4.398398E+07	4.542232E+07	4.079463E+07	4.20517E+07
2/3/2022 3:16:00 AM	36	4.557773E+07	4.67274E+07	4.543434E+07	4.446746E+07	2.879851E+08	3.070372E+08	3.067575E+08	3.023641E+08	3.471655E+08	3.547514E+08	3.590418E+08	3.687151E+08	3.107028E+08	3.298433E+08	3.13262E+08	3.296857E+08	1.459727E+08	1.430416E+08	1.471815E+08	1.543995E+08	4.400929E+07	4.591211E+07	4.003387E+07	4.198595E+07
2/3/2022 4:46:00 AM	37.5	4.350468E+07	4.475701E+07	4.351392E+07	4.242195E+07	3.018414E+08	3.197337E+08	3.216347E+08	3.178194E+08	3.661242E+08	3.723268E+08	3.775592E+08	3.890388E+08	3.270863E+08	3.480856E+08	3.31534E+08	3.505454E+08	1.575992E+08	1.549242E+08	1.587921E+08	1.64435E+08	4.304942E+07	4.547233E+07	3.974326E+07	4.197776E+07
2/3/2022 6:16:00 AM	39	4.123981E+07	4.231208E+07	4.150393E+07	4.057558E+07	3.150404E+08	3.338199E+08	3.346792E+08	3.311037E+08	3.865681E+08	3.895686E+08	3.952853E+08	4.114228E+08	3.442779E+08	3.653148E+08	3.507959E+08	3.70513E+08	1.692303E+08	1.634294E+08	1.700402E+08	1.750204E+08	4.343856E+07	4.605591E+07	4.016872E+07	4.218742E+07
2/3/2022 7:46:00 AM	40.5	3.938841E+07	4.006045E+07	3.96066E+07	3.833634E+07	3.291705E+08	3.466254E+08	3.470033E+08	3.461407E+08	4.054445E+08	4.071571E+08	4.158594E+08	4.308782E+08	3.624931E+08	3.82004E+08	3.666586E+08	3.889259E+08	1.837732E+08	1.780515E+08	1.839534E+08	1.874351E+08	4.405444E+07	4.65949E+07	4.092174E+07	4.272069E+07
2/3/2022 9:16:00 AM	42	3.724546E+07	3.835385E+07	3.799626E+07	3.605733E+07	3.438693E+08	3.624034E+08	3.598429E+08	3.598772E+08	4.275319E+08	4.263563E+08	4.364514E+08	4.495789E+08	3.815109E+08	3.99843E+08	3.843588E+08	4.097836E+08	1.921813E+08	1.870168E+08	1.97434E+08	1.998046E+08	4.426555E+07	4.85838E+07	4.116724E+07	4.384825E+07
2/3/2022 10:46:00 AM	43.5	3.515201E+07	3.649221E+07	3.584292E+07	3.401066E+07	3.574052E+08	3.754881E+08	3.760146E+08	3.742245E+08	4.437195E+08	4.439201E+08	4.53767E+08	4.684061E+08	4.001829E+08	4.180072E+08	4.034787E+08	4.294341E+08	2.027724E+08	2.001938E+08	2.115766E+08	2.141234E+08	4.677978E+07	4.956402E+07	4.249034E+07	4.368706E+07
2/3/2022 12:16:00 PM	45	3.32077E+07	3.469259E+07	3.414942E+07	3.218741E+07	3.667137E+08	3.885794E+08	3.893803E+08	3.879484E+08	4.658134E+08	4.670611E+08	4.721786E+08	4.856542E+08	4.16329E+08	4.380442E+08	4.266715E+08	4.527086E+08	2.12443E+08	2.110785E+08	2.254773E+08	2.311445E+08	4.767793E+07	5.108821E+07	4.364434E+07	4.597424E+07
