Vessel Name: HT1080-GOT-DKO_ATF4-rep-high_p5
Date Time	Elapsed	A1	B1	C1	D1	A2	B2	C2	D2	A3	B3	C3	D3	A4	B4	C4	D4	A5	B5	C5	D5	A6	B6	C6	D6
2/1/2022 3:28:00 PM	0	2.585445E+07	2.523994E+07	2.383766E+07	2.287915E+07	2.384266E+07	2.479974E+07	2.54045E+07	2.500072E+07	2.474188E+07	2.495033E+07	2.442723E+07	2.494677E+07	2.42755E+07	2.615215E+07	2.531227E+07	2.380991E+07	2.229641E+07	2.554448E+07	2.545305E+07	2.484385E+07	2.161154E+07	2.433792E+07	2.309564E+07	2.458913E+07
2/1/2022 4:58:00 PM	1.5	2.450478E+07	2.459055E+07	2.317084E+07	2.25761E+07	2.455884E+07	2.594788E+07	2.617087E+07	2.612966E+07	2.601403E+07	2.64325E+07	2.57209E+07	2.612563E+07	2.62247E+07	2.833814E+07	2.703968E+07	2.567332E+07	2.450041E+07	2.85288E+07	2.846538E+07	2.78555E+07	2.343333E+07	2.640232E+07	2.576203E+07	2.669234E+07
2/1/2022 6:28:00 PM	3	2.709457E+07	2.716023E+07	2.606202E+07	2.55148E+07	2.745915E+07	2.899188E+07	2.932347E+07	2.934606E+07	2.849124E+07	2.991565E+07	2.80018E+07	2.905299E+07	2.963646E+07	3.208359E+07	3.117026E+07	2.916082E+07	2.812495E+07	3.303396E+07	3.260846E+07	3.17073E+07	2.578855E+07	3.004644E+07	2.852499E+07	2.928999E+07
2/1/2022 7:58:00 PM	4.5	3.194037E+07	3.305407E+07	3.153803E+07	3.00312E+07	3.278256E+07	3.437803E+07	3.426881E+07	3.456648E+07	3.250872E+07	3.386447E+07	3.271961E+07	3.31174E+07	3.407258E+07	3.541084E+07	3.533304E+07	3.309958E+07	3.257478E+07	3.847466E+07	3.711272E+07	3.584407E+07	2.858846E+07	3.34086E+07	3.148159E+07	3.24139E+07
2/1/2022 9:28:00 PM	6	3.934053E+07	3.972682E+07	3.848537E+07	3.706753E+07	3.829556E+07	4.00621E+07	3.963689E+07	4.07177E+07	3.683909E+07	3.904396E+07	3.670575E+07	3.854398E+07	3.621414E+07	4.06325E+07	3.913002E+07	3.638744E+07	3.520755E+07	4.214528E+07	4.006066E+07	3.986852E+07	3.090212E+07	3.515557E+07	3.370764E+07	3.461321E+07
2/1/2022 10:58:00 PM	7.5	4.665445E+07	4.570088E+07	4.549679E+07	4.361254E+07	4.317272E+07	4.501522E+07	4.477222E+07	4.61734E+07	3.9558E+07	4.217949E+07	4.12533E+07	4.27221E+07	3.715802E+07	4.16722E+07	4.136139E+07	3.800616E+07	3.682699E+07	4.283041E+07	4.115523E+07	4.06958E+07	3.214187E+07	3.634553E+07	3.536659E+07	3.556024E+07
2/2/2022 12:28:00 AM	9	5.23627E+07	5.090973E+07	5.0782E+07	4.935994E+07	4.661506E+07	4.924894E+07	4.865646E+07	5.090165E+07	4.118996E+07	4.371846E+07	4.311844E+07	4.381059E+07	3.764738E+07	4.347707E+07	4.129629E+07	3.858379E+07	3.750071E+07	4.206001E+07	4.192446E+07	4.114118E+07	3.354713E+07	3.759332E+07	3.603807E+07	3.68948E+07
2/2/2022 1:58:00 AM	10.5	5.641164E+07	5.516019E+07	5.40495E+07	5.267758E+07	5.173382E+07	5.153584E+07	5.223537E+07	5.468412E+07	4.124795E+07	4.486986E+07	4.323951E+07	4.459876E+07	3.760202E+07	4.21419E+07	4.14897E+07	3.824176E+07	3.774338E+07	4.250768E+07	4.289678E+07	4.115545E+07	3.380132E+07	3.861959E+07	3.751302E+07	3.840301E+07
2/2/2022 3:28:00 AM	12	6.014644E+07	5.769673E+07	5.754414E+07	5.496274E+07	5.432146E+07	5.447496E+07	5.475634E+07	5.515051E+07	4.046404E+07	4.327275E+07	4.42349E+07	4.528046E+07	3.640042E+07	4.022359E+07	4.105508E+07	3.763126E+07	3.939996E+07	4.343639E+07	4.428892E+07	4.237141E+07	3.585474E+07	4.047108E+07	3.954719E+07	4.043593E+07
2/2/2022 4:58:00 AM	13.5	6.285266E+07	5.994402E+07	5.958766E+07	5.792057E+07	5.62972E+07	5.426109E+07	5.715346E+07	5.701313E+07	4.041019E+07	4.219904E+07	4.559544E+07	4.539704E+07	3.605426E+07	3.920171E+07	3.899076E+07	3.805654E+07	4.068238E+07	4.463228E+07	4.57849E+07	4.215066E+07	3.887431E+07	4.283186E+07	4.127016E+07	4.354014E+07
2/2/2022 6:28:00 AM	15	6.408798E+07	6.079904E+07	6.069835E+07	5.87958E+07	5.702009E+07	5.791636E+07	5.695632E+07	5.7506E+07	4.059701E+07	4.23487E+07	4.576374E+07	4.53349E+07	3.629815E+07	3.927923E+07	3.843976E+07	3.789272E+07	4.117535E+07	4.523114E+07	4.503104E+07	4.462122E+07	4.130823E+07	4.444888E+07	4.338074E+07	4.375451E+07
2/2/2022 7:58:00 AM	16.5	6.56989E+07	6.170632E+07	6.19977E+07	6.027982E+07	5.804853E+07	5.995966E+07	6.031883E+07	6.02108E+07	4.150047E+07	4.348635E+07	4.503029E+07	4.575544E+07	3.597659E+07	3.819727E+07	3.792892E+07	3.726513E+07	4.137391E+07	4.60214E+07	4.545261E+07	4.434819E+07	4.306274E+07	4.656652E+07	4.378383E+07	4.511973E+07
2/2/2022 9:28:00 AM	18	6.59476E+07	6.157948E+07	6.253038E+07	6.077722E+07	5.884234E+07	6.006278E+07	6.15692E+07	6.258106E+07	4.105419E+07	4.404772E+07	4.538352E+07	4.610395E+07	3.65756E+07	3.858368E+07	3.741396E+07	3.679808E+07	4.24987E+07	4.719537E+07	4.617083E+07	4.433278E+07	4.396363E+07	4.691469E+07	4.412772E+07	4.486508E+07
2/2/2022 10:58:00 AM	19.5	6.657E+07	6.195394E+07	6.239403E+07	6.061272E+07	6.08236E+07	6.202306E+07	6.425438E+07	6.353568E+07	4.224102E+07	4.459083E+07	4.610316E+07	4.670294E+07	3.684984E+07	3.850067E+07	3.650731E+07	3.634471E+07	4.330024E+07	4.681804E+07	4.63924E+07	4.547834E+07	4.4594E+07	4.627915E+07	4.469953E+07	4.49116E+07
2/2/2022 12:28:00 PM	21	6.584816E+07	6.153594E+07	6.201451E+07	5.994949E+07	6.37666E+07	6.418293E+07	6.670073E+07	6.666975E+07	4.293481E+07	4.544363E+07	4.623489E+07	4.722212E+07	3.723557E+07	3.866837E+07	3.755973E+07	3.761021E+07	4.388512E+07	4.749614E+07	4.593499E+07	4.534296E+07	4.500604E+07	4.7071E+07	4.513808E+07	4.418607E+07
2/2/2022 1:58:00 PM	22.5	6.479998E+07	6.077318E+07	6.123989E+07	5.931063E+07	6.554709E+07	6.604997E+07	6.819814E+07	6.676885E+07	4.461069E+07	4.768907E+07	4.76856E+07	4.89761E+07	3.766034E+07	3.935786E+07	3.865333E+07	3.775163E+07	4.395781E+07	4.735318E+07	4.460629E+07	4.512104E+07	4.56807E+07	4.727425E+07	4.429584E+07	4.430976E+07
2/2/2022 3:28:00 PM	24	6.397092E+07	6.015782E+07	6.047352E+07	5.791642E+07	6.718834E+07	6.937218E+07	7.033347E+07	6.920208E+07	4.572051E+07	4.855051E+07	4.882448E+07	5.011554E+07	3.894944E+07	4.045989E+07	3.948543E+07	3.975912E+07	4.349384E+07	4.685727E+07	4.521891E+07	4.449036E+07	4.487392E+07	4.698096E+07	4.444837E+07	4.376779E+07
2/2/2022 4:58:00 PM	25.5	6.257577E+07	5.857143E+07	5.878047E+07	5.668738E+07	6.966611E+07	7.215372E+07	7.23996E+07	7.277063E+07	4.645495E+07	5.025276E+07	4.914779E+07	5.112603E+07	3.962634E+07	4.086923E+07	3.991904E+07	4.036897E+07	4.459272E+07	4.803521E+07	4.519467E+07	4.463799E+07	4.511932E+07	4.717303E+07	4.476014E+07	4.445966E+07
2/2/2022 6:28:00 PM	27	6.081178E+07	5.716218E+07	5.699081E+07	5.532509E+07	7.242908E+07	7.399274E+07	7.528815E+07	7.344726E+07	4.873924E+07	5.116785E+07	5.17618E+07	5.236601E+07	4.115685E+07	4.207671E+07	4.152926E+07	4.196462E+07	4.485548E+07	4.77558E+07	4.543194E+07	4.426875E+07	4.528404E+07	4.669176E+07	4.507846E+07	4.390772E+07
2/2/2022 7:58:00 PM	28.5	5.906583E+07	5.536051E+07	5.5465E+07	5.345874E+07	7.459297E+07	7.678627E+07	7.709482E+07	7.63419E+07	5.003029E+07	5.234546E+07	5.166522E+07	5.450766E+07	4.282294E+07	4.357445E+07	4.222545E+07	4.27667E+07	4.554612E+07	4.862381E+07	4.61925E+07	4.517096E+07	4.486058E+07	4.597334E+07	4.46931E+07	4.334703E+07
2/2/2022 9:28:00 PM	30	5.702514E+07	5.315986E+07	5.388609E+07	5.135215E+07	7.529133E+07	7.83339E+07	7.900252E+07	7.905855E+07	5.083794E+07	5.38411E+07	5.325399E+07	5.693708E+07	4.389536E+07	4.518156E+07	4.263187E+07	4.33844E+07	4.583273E+07	4.946085E+07	4.593496E+07	4.579405E+07	4.444864E+07	4.634839E+07	4.461904E+07	4.238467E+07
2/2/2022 10:58:00 PM	31.5	5.52881E+07	5.137413E+07	5.240252E+07	4.965196E+07	8.018224E+07	8.045482E+07	8.167098E+07	8.351933E+07	5.3387E+07	5.768218E+07	5.424858E+07	5.901886E+07	4.461221E+07	4.66816E+07	4.403102E+07	4.473984E+07	4.665262E+07	4.998494E+07	4.673516E+07	4.670708E+07	4.370165E+07	4.632244E+07	4.379959E+07	4.304126E+07
2/3/2022 12:28:00 AM	33	5.335967E+07	4.924046E+07	5.028042E+07	4.72675E+07	8.249766E+07	8.308636E+07	8.479514E+07	8.628884E+07	5.609595E+07	6.062229E+07	5.64996E+07	6.048328E+07	4.603214E+07	4.848953E+07	4.586571E+07	4.58535E+07	4.757432E+07	5.041429E+07	4.733439E+07	4.780563E+07	4.318654E+07	4.513224E+07	4.28257E+07	4.163586E+07
2/3/2022 1:58:00 AM	34.5	5.09349E+07	4.730218E+07	4.862118E+07	4.53594E+07	8.601289E+07	8.6333E+07	8.879306E+07	8.752977E+07	5.894019E+07	6.162089E+07	5.900699E+07	6.28675E+07	4.703438E+07	4.933646E+07	4.704486E+07	4.745703E+07	4.75868E+07	5.154257E+07	4.93729E+07	4.800586E+07	4.164367E+07	4.482825E+07	4.180932E+07	4.074971E+07
2/3/2022 3:28:00 AM	36	4.894366E+07	4.547232E+07	4.641984E+07	4.34089E+07	8.999214E+07	8.888106E+07	9.109504E+07	9.128588E+07	5.995513E+07	6.295573E+07	6.122263E+07	6.534014E+07	4.9833E+07	5.138015E+07	4.909807E+07	4.951133E+07	4.830148E+07	5.324468E+07	5.054588E+07	5.017566E+07	4.219223E+07	4.520292E+07	4.096356E+07	3.992815E+07
2/3/2022 4:58:00 AM	37.5	4.68673E+07	4.362274E+07	4.453108E+07	4.16182E+07	9.35191E+07	9.147203E+07	9.418674E+07	9.456042E+07	6.20428E+07	6.68071E+07	6.272584E+07	6.75658E+07	5.084898E+07	5.304584E+07	4.99413E+07	5.034956E+07	4.996634E+07	5.328769E+07	5.037661E+07	5.056595E+07	4.119858E+07	4.48708E+07	4.132528E+07	3.948482E+07
2/3/2022 6:28:00 AM	39	4.489683E+07	4.165316E+07	4.282174E+07	3.990222E+07	9.660737E+07	9.414395E+07	9.633741E+07	9.619015E+07	6.47208E+07	6.879151E+07	6.574822E+07	6.948696E+07	5.111228E+07	5.403521E+07	5.081726E+07	5.144568E+07	5.063298E+07	5.494898E+07	5.14372E+07	5.275386E+07	4.218373E+07	4.550246E+07	4.12093E+07	3.982282E+07
2/3/2022 7:58:00 AM	40.5	4.309555E+07	3.951123E+07	4.094394E+07	3.808948E+07	9.941546E+07	9.575694E+07	9.703642E+07	9.780197E+07	6.625864E+07	6.993485E+07	6.61351E+07	7.100193E+07	5.336622E+07	5.530005E+07	5.250037E+07	5.222789E+07	5.220587E+07	5.69054E+07	5.304144E+07	5.296844E+07	4.192323E+07	4.533298E+07	4.110372E+07	4.03902E+07
2/3/2022 9:28:00 AM	42	4.07321E+07	3.765753E+07	3.903134E+07	3.62709E+07	1.017224E+08	9.663482E+07	9.942902E+07	1.006363E+08	6.845893E+07	7.220034E+07	6.93057E+07	7.294277E+07	5.48585E+07	5.65234E+07	5.412229E+07	5.373917E+07	5.273441E+07	5.747336E+07	5.364502E+07	5.545771E+07	4.157512E+07	4.668507E+07	4.224306E+07	4.186238E+07
2/3/2022 10:58:00 AM	43.5	3.853584E+07	3.562944E+07	3.722331E+07	3.457762E+07	1.035956E+08	9.878821E+07	1.002891E+08	1.018666E+08	7.204616E+07	7.541244E+07	6.966364E+07	7.57487E+07	5.658302E+07	5.837282E+07	5.541584E+07	5.430192E+07	5.390365E+07	5.786772E+07	5.594898E+07	5.691116E+07	4.226333E+07	4.79595E+07	4.268725E+07	4.234353E+07
2/3/2022 12:28:00 PM	45	3.664716E+07	3.412664E+07	3.572674E+07	3.309767E+07	1.050126E+08	1.000809E+08	1.029207E+08	1.04189E+08	7.404611E+07	7.760568E+07	7.311529E+07	7.815243E+07	5.692718E+07	5.954877E+07	5.577525E+07	5.545547E+07	5.519013E+07	5.90876E+07	5.648366E+07	5.829193E+07	4.372715E+07	4.894853E+07	4.415224E+07	4.399242E+07
