Vessel Name: HT1080_ATF4-rep-high_p3
Date Time	Elapsed	A1	B1	C1	D1	A2	B2	C2	D2	A3	B3	C3	D3	A4	B4	C4	D4	A5	B5	C5	D5	A6	B6	C6
2/28/2022 7:35:00 PM	0	1639866	1484723	1641660	1708405	1894206	1702166	1597024	1648067	1773921	1983537	1729229	1688411	1739815	2003527	1692949	1956898	1871899	2188840	1757060	2359649	1893125	2339513	2028049
2/28/2022 9:05:00 PM	1.5	1836131	1834153	2041077	1988332	2070397	1811696	1789302	1834087	2248252	2598671	2150507	2136792	2502749	2878174	2629679	2918963	2995794	3075649	2853235	3456900	2744657	3520140	2852085
2/28/2022 10:35:00 PM	3	2231434	2332052	2404209	2556033	2161930	2078634	2007189	1768514	3484717	3695166	3395661	3297316	4176956	4929862	4325469	4499918	5069195	5073343	4837018	5671754	4593162	5473134	4602787
3/1/2022 12:05:00 AM	4.5	2877041	3335558	3355559	3366399	2263887	2317299	2264932	2099882	5335094	5561239	5452551	4946998	6792430	7855270	6887706	7439603	8301574	7918684	8000764	8763860	7396317	8655446	7282469
3/1/2022 1:35:00 AM	6	3961086	4956702	4262310	4718060	2455938	2365992	2433129	2373500	7739128	7619064	7850942	7344710	1.076293E+07	1.168133E+07	1.068795E+07	1.120949E+07	1.230853E+07	1.214247E+07	1.180503E+07	1.258074E+07	1.15414E+07	1.20813E+07	1.087957E+07
3/1/2022 3:05:00 AM	7.5	5187589	6665110	5730815	5991708	2594967	2619379	2720342	2581366	1.013618E+07	9478323	1.007337E+07	9202001	1.459738E+07	1.626614E+07	1.437319E+07	1.52429E+07	1.645737E+07	1.649925E+07	1.612851E+07	1.694964E+07	1.55591E+07	1.696701E+07	1.519823E+07
3/1/2022 4:35:00 AM	9	6412162	8048997	6753293	7251104	2819229	2841751	2955968	2852362	1.205621E+07	1.162064E+07	1.196862E+07	1.120651E+07	1.870704E+07	2.082355E+07	1.770362E+07	1.939709E+07	2.110497E+07	2.108185E+07	2.060324E+07	2.116863E+07	2.049327E+07	2.103387E+07	1.868871E+07
3/1/2022 6:05:00 AM	10.5	7713110	9859293	8299472	8640789	2970529	3004348	3113812	3136905	1.400059E+07	1.396982E+07	1.37656E+07	1.287917E+07	2.207848E+07	2.376497E+07	2.133808E+07	2.32305E+07	2.568103E+07	2.547504E+07	2.456864E+07	2.576088E+07	2.331476E+07	2.485884E+07	2.307571E+07
3/1/2022 7:35:00 AM	12	8886223	1.093068E+07	9152603	9404723	3257289	3118961	3255815	3311610	1.596785E+07	1.647794E+07	1.540641E+07	1.456426E+07	2.577188E+07	2.777393E+07	2.439869E+07	2.689444E+07	2.952269E+07	2.925654E+07	2.841137E+07	3.024799E+07	2.712657E+07	2.904335E+07	2.673767E+07
3/1/2022 9:05:00 AM	13.5	9649244	1.163116E+07	9973184	1.006227E+07	3383478	3248747	3474588	3501883	1.752714E+07	1.919758E+07	1.70631E+07	1.692364E+07	2.88402E+07	3.159167E+07	2.763907E+07	3.003681E+07	3.444611E+07	3.385703E+07	3.213169E+07	3.419488E+07	3.010032E+07	3.209482E+07	2.95688E+07
3/1/2022 10:35:00 AM	15	1.014221E+07	1.211022E+07	1.051521E+07	1.066057E+07	3584581	3264355	3584608	3538061	1.980904E+07	2.11839E+07	1.965867E+07	1.801838E+07	3.22158E+07	3.50792E+07	3.134029E+07	3.387283E+07	3.963044E+07	3.81097E+07	3.546262E+07	3.804684E+07	3.273127E+07	3.641737E+07	3.233418E+07
3/1/2022 12:05:00 PM	16.5	1.064793E+07	1.315104E+07	1.107502E+07	1.101624E+07	3735552	3415364	3739850	3576894	2.135324E+07	2.361074E+07	2.256469E+07	2.029028E+07	3.616743E+07	4.014141E+07	3.486114E+07	3.714524E+07	4.284926E+07	4.207176E+07	4.068438E+07	4.179765E+07	3.558615E+07	3.90748E+07	3.538117E+07
3/1/2022 1:35:00 PM	18	1.130706E+07	1.382402E+07	1.192739E+07	1.181701E+07	3886494	3538344	3862579	3613309	2.367523E+07	2.599654E+07	2.417474E+07	2.258031E+07	3.979069E+07	4.384179E+07	3.765026E+07	4.179937E+07	4.802976E+07	4.557849E+07	4.519771E+07	4.614826E+07	3.931919E+07	4.201252E+07	3.856276E+07
3/1/2022 3:05:00 PM	19.5	1.169426E+07	1.444809E+07	1.263278E+07	1.252836E+07	3911743	3511521	3754419	3649041	2.596568E+07	2.885877E+07	2.692437E+07	2.462459E+07	4.326387E+07	4.717627E+07	4.10418E+07	4.323086E+07	5.167603E+07	4.930468E+07	4.939766E+07	5.07016E+07	4.190525E+07	4.53453E+07	4.101705E+07
3/1/2022 4:35:00 PM	21	1.238244E+07	1.520672E+07	1.298497E+07	1.325393E+07	3917868	3533386	3873786	3622129	2.930047E+07	3.140299E+07	2.934697E+07	2.769179E+07	4.705716E+07	5.054089E+07	4.487037E+07	4.703115E+07	5.542271E+07	5.43264E+07	5.329124E+07	5.550087E+07	4.548311E+07	4.845384E+07	4.361708E+07
3/1/2022 6:05:00 PM	22.5	1.274586E+07	1.585347E+07	1.377261E+07	1.409052E+07	3995946	3539239	3915591	3716309	3.28329E+07	3.51585E+07	3.251965E+07	3.131253E+07	5.074127E+07	5.396618E+07	4.769483E+07	5.033176E+07	6.215982E+07	5.728111E+07	5.729675E+07	6.043928E+07	4.830822E+07	5.190108E+07	4.556787E+07
3/1/2022 7:35:00 PM	24	1.344012E+07	1.691107E+07	1.439135E+07	1.433579E+07	4025711	3546907	3816330	3631011	3.598399E+07	4.020466E+07	3.614193E+07	3.396125E+07	5.300527E+07	5.678903E+07	5.116328E+07	5.211459E+07	6.421742E+07	6.165186E+07	6.132578E+07	6.463555E+07	4.93874E+07	5.44624E+07	4.943265E+07
3/1/2022 9:05:00 PM	25.5	1.420018E+07	1.768144E+07	1.511076E+07	1.548446E+07	4017559	3582604	3777309	3660719	3.949173E+07	4.35975E+07	3.946024E+07	3.691941E+07	5.487246E+07	5.911555E+07	5.482759E+07	5.565842E+07	6.756308E+07	6.620286E+07	6.522481E+07	6.878109E+07	5.274051E+07	5.716382E+07	5.128562E+07
