Vessel Name: H1299_Nuc-RFP-60nM-Rot_rescue_p2
Date Time	Elapsed	A1	B1	C1	D1	A3	B3	C3	D3	A4	B4	C4	D4	A5	B5	C5	D5	A6	B6	C6	D6
4/8/2022 12:20:00 AM	0	6066.25	5512.938	5451.438	5082.438	5717.875	7746.875	5799.75	6209.813	6230.375	6045.688	6066.25	6066.313	6619.625	5266.938	5902.25	6004.875	5328.375	5840.875	5881.813	6496.75
4/8/2022 6:20:00 AM	6	6968.125	5758.75	6004.875	5758.938	6332.625	8730.75	6947.563	6845.188	6804.188	6640.063	6701.625	6701.688	7501	5963.938	6660.625	6927.188	5963.938	6373.813	6414.625	6845.188
4/8/2022 12:20:00 PM	12	7439.438	6927.125	6517.188	6455.75	7480.5	9530.125	7644.5	7726.313	8095.438	8136.375	7562.563	7644.438	8853.875	6824.75	7480.375	7849.5	6619.688	7029.688	6968.063	7644.375
4/8/2022 6:20:00 PM	18	8033.813	7296.063	7214.125	7132.063	7685.5	10165.44	7808.5	8443.688	8443.813	9181.688	8013.375	8300.313	9735.063	7337.063	8710.313	8874.25	7111.563	7623.938	7296.063	7992.813
4/9/2022 12:20:00 AM	24	8300.375	7726.625	7480.563	7316.375	8279.813	10841.75	8771.875	9530.063	8935.688	9468.563	8464.313	8956.188	10411.44	7746.938	9407.125	9755.688	7091.063	7767.5	7705.938	8197.813
4/9/2022 6:20:00 AM	30	8956.25	8259.375	7911	7542	8751.25	11436.25	9243.25	10145	9694.063	9755.5	8792.188	9817	11600.13	8648.75	9939.875	10800.88	6906.5	8013.375	7931.375	9140.688
4/9/2022 12:20:00 PM	36	9140.688	8136.375	8320.813	7828.813	9058.75	12379	9530.125	10575.44	9653	10104	8751.25	10022.13	13096.38	8997.188	10841.81	11518.25	6783.563	8156.813	8054.313	8956.188
4/9/2022 6:20:00 PM	42	9837.563	8505.313	8833.25	8402.75	10062.94	13588.19	10370.44	11415.88	9980.938	10452.31	9407.063	11128.94	14715.69	10390.94	11497.81	12727.56	6763	8136.375	8033.813	8751.25
4/10/2022 12:20:00 AM	48	10104	9325.25	9099.625	8525.688	10677.81	13526.81	11128.75	11764.25	10800.75	10780.25	9632.625	11087.81	16027.25	11190.25	12583.94	13793.25	6886.063	8279.75	8177.438	9345.625
4/10/2022 6:20:00 AM	54	10759.88	9263.625	9181.75	8648.75	11210.88	14838.63	11600.13	12911.94	11538.56	11251.75	9714.438	12174.13	18404.94	12563.56	14961.56	15842.69	7419	8956.25	8648.813	10022
4/10/2022 12:20:00 PM	60	11313.31	9468.625	9796.625	9427.563	12215	15842.81	12378.94	14305.56	11784.69	11948.63	9714.5	13444.81	21192.31	14510.63	15945.25	17031.63	7910.938	9366	9263.688	11231.25
4/10/2022 6:20:00 PM	66	12583.94	10370.44	10022	9981.125	13383.5	16765	13198.88	15412.38	12132.94	12317.44	10739.44	14162	23057.38	16478.13	17093.13	18261.19	8525.813	10062.94	9735.125	12686.44
4/11/2022 12:20:00 AM	72	14428.63	10698.31	10165.5	11026.25	14654.19	18281.81	14551.63	16375.69	13485.75	13670.38	11251.81	15145.81	26029.31	17625.94	19265.69	20823.25	9120.125	10862.38	10329.44	12809.31
4/11/2022 6:20:00 AM	78	15227.94	11928.13	11231.25	11764.06	16252.69	19778	16662.69	18076.94	13649.81	14141.75	12030.63	16662.63	28734.63	19327.25	21581.56	23590.19	10288.31	11969.06	11579.75	15187
4/11/2022 12:20:00 PM	84	15883.81	12379.06	12030.69	12686.44	17339.06	21786.5	18302.38	19572.88	15063.88	15064	13424.25	17769.5	31665.63	22258	23856.69	26131.75	11682.13	13321.75	12358.69	16888.13
4/11/2022 6:20:00 PM	90	16970.06	13465.19	13301.38	14244.25	18937.56	23897.63	20679.75	22934.25	16765.19	15965.69	13875.19	20433.81	35805.81	25476.06	25742.38	29513.5	12665.94	15248.5	13444.88	19409.13
4/12/2022 12:20:00 AM	96	18855.69	15002.44	13752.19	15965.69	22032.44	26275.19	23016.38	26521.13	17728.38	17892.38	15186.88	23057.31	40765.75	28447.94	28734.69	33448.69	14162.19	16027.19	14756.5	21602.13
4/12/2022 6:20:00 AM	102	21417.69	16273.25	15658.38	17544	24328.06	29800.63	25147.81	31337.69	19819	20433.88	16683.06	26623.69	46607.06	32034.63	32506	38245	14613	17892.44	17625.94	24102.63
4/12/2022 12:20:00 PM	108	23590.19	17954	17441.44	19593.5	28488.88	34494.13	28939.75	36851.06	21725.25	23692.63	18999.19	30599.81	51382.69	37117.69	35191.06	42015.94	16949.63	20556.94	19019.63	28099.44
4/12/2022 6:20:00 PM	114	27300	19224.63	18712.25	21581.69	32198.5	39392.75	33018.38	41790.63	24389.63	25434.88	21233.25	35559.94	56609.19	42549	40007.38	47406.56	18302.31	22544.94	22073.44	31911.56
4/13/2022 12:20:00 AM	120	30886.75	21520.19	21643.19	24799.44	38121.75	43163.94	38080.94	49128.06	26828.56	29657.19	23733.94	40150.94	64192.63	48267.38	44434.5	52674	21028.25	25947.31	25906.25	37076.5
4/13/2022 6:20:00 AM	126	35232	24758.56	24041.19	28611.69	44926.5	54026.63	43860.69	59540	30189.88	32895.38	27177.13	45705.31	71509.63	55973.75	51854	60523.88	24020.63	30538.38	31542.56	44577.94
4/13/2022 12:20:00 PM	132	40827.44	27709.81	26377.69	32506	50624.44	61077.25	51505.69	69664.94	33940.69	37384.06	31091.81	55441	80650.75	63926.25	57838.88	69952	27361.5	34166	37199.5	51423.69
4/13/2022 6:20:00 PM	138	46709.63	32218.88	29452.13	36441.25	58228.31	69808.44	57408.5	79195.63	39269.69	43020.38	34617	63311.19	92436.06	74624.94	66549.75	80835.31	31829.75	39925.5	43860.75	59232.5
4/14/2022 12:20:00 AM	144	54252.13	36707.63	34125.06	42385	68435.38	80548.31	65319.94	93317.19	45234	49456.19	39167.06	75137.5	102683.8	85262.44	76305.75	93050.81	38019.38	47263	52120.44	71058.81
4/14/2022 6:20:00 AM	150	61692.06	42261.88	38244.81	50214.44	78560.19	92968.94	76941.13	110431.4	51628.63	58146.31	47652.44	89259.06	113792.7	97867.44	89095.13	106598.8	44577.94	54354.69	62102	80527.88
4/14/2022 12:20:00 PM	156	68968.19	48226.38	44823.94	58043.69	88623.75	104036.7	89054	124532.7	59458.13	63331.75	54334.06	102315	126766.6	110082.8	103032.4	121991	50808.94	62532.38	74625.06	91800.5
