Vessel Name: H1299-Nuc-RFP_Rot_p2
Date Time	Elapsed	A1	B1	C1	D1	A2	B2	C2	D2	A3	B3	C3	D3	A4	B4	C4	D4	A5	B5	C5	D5	A6	B6	C6	D6
3/30/2022 10:20:00 PM	0	4692.938	5102.875	4365.188	5266.875	3934.75	4262.688	3791.188	4283.188	4570.125	3709.25	4447.125	4078.25	4508.625	4775.125	3565.813	4570.188	4857.063	4262.688	4139.688	4426.75	5266.938	4426.5	5963.75	4549.688
3/31/2022 4:20:00 AM	6	5533.5	5451.375	4959.563	6394.188	4508.625	4877.563	4467.688	4836.563	4939.063	4303.625	5000.5	4898.25	5143.875	5226	3668.313	5000.625	5512.938	5000.563	4406.125	5062.063	6189.375	5205.438	6742.625	5390
3/31/2022 10:20:00 AM	12	7214.125	6558.25	5943.5	7378.063	4939.063	5615.375	5000.5	5718	6127.813	4836.625	5820.375	5533.563	5717.813	6168.938	4344.688	5738.438	5922.813	5471.938	5451.563	5922.875	7377.938	5922.938	7787.875	5943.375
3/31/2022 4:20:00 PM	18	7767.5	7849.438	7070.5	8669.25	5840.938	5799.813	5595	6312.313	6455.625	5451.563	6209.938	6189.25	6291.813	6701.75	4857	6517.188	6824.563	6414.813	5922.875	6558.313	8751.313	6599.25	8853.625	6742.625
3/31/2022 10:20:00 PM	24	8956.25	9140.688	7890.438	9919.563	6845.063	6414.75	6045.813	6742.813	6845.25	5799.938	6517.313	6681.125	6537.688	6906.625	4898.063	6763.188	6988.563	6537.688	6332.938	6947.625	8976.813	7337.063	9489.125	7378.063
4/1/2022 4:20:00 AM	30	10432.06	10186	9058.813	11292.75	7316.5	6947.688	6373.75	7214.25	6927.125	5861.375	6660.625	7050	6640.125	7460.125	5103.063	6906.625	7419.125	7029.625	6619.813	7111.688	9960.563	8464.313	10985.31	8156.813
4/1/2022 10:20:00 AM	36	11846.19	11538.69	11231.25	13649.88	8136.375	7542.063	7029.563	8259.313	7808.5	6127.875	6845.125	7583.063	6804.125	7808.5	5184.875	6845.063	7972.5	7664.938	6824.625	7357.563	11149.19	9530	13014.44	9673.5
4/1/2022 4:20:00 PM	42	15023	13752.06	13772.63	15596.94	8812.75	8997.313	8095.438	8997	8771.75	6783.688	7152.563	8013.438	7214	8054.438	5574.375	6968.188	8464.313	8054.5	7501.063	8136.313	13936.81	10821.25	14326.13	11641.06
4/1/2022 10:20:00 PM	48	18117.94	16539.5	16847.06	18630.19	10206.56	9858.125	9161.188	10042.44	8915.313	7316.625	7706	8259.375	7131.938	8259.438	5553.938	7316.5	9591.563	8730.813	8320.875	8997.188	15863.31	12666.06	16724.19	13731.75
4/2/2022 4:20:00 AM	54	21725.19	19531.94	20228.94	23180.31	12235.63	11436.25	10308.81	11661.56	9817.063	7808.375	7828.875	8689.75	7214	8177.438	5758.875	7214.063	10903.31	9960.5	8710.375	9817	17810.44	14367.06	19163.25	15719.75
4/2/2022 10:20:00 AM	60	25906.19	24246.25	24061.75	27771.5	14838.5	12952.88	11764.19	13465.38	11272.19	8402.813	8402.75	9222.688	7460	8689.813	5881.875	7664.875	11866.69	11067.31	9837.625	10903.31	20331.44	16847	22463.13	18999.25
4/2/2022 4:20:00 PM	66	30927.88	30743.31	29657.06	33510.44	16478.13	15166.38	13813.75	15637.88	12256	8997.25	8874.188	10268	7521.5	9038.313	6086.875	7644.563	12993.94	12440.5	10821.25	11764.19	24369.13	18896.81	25906.31	21315.25
4/2/2022 10:20:00 PM	72	37404.56	36256.69	35498.25	41196.38	19265.63	17236.56	16334.69	18507.25	13752.19	9427.688	9550.438	11292.75	7952	9489.125	6496.813	8013.438	15105.06	14100.56	11641.13	13506.31	28673.19	22872.75	29513.56	25065.94
4/3/2022 4:20:00 AM	78	47099.06	42938.31	43061.5	49701.94	23323.81	20064.94	18302.19	21909.56	16047.75	10391.06	10903.31	12215.13	8587.375	10247.5	6722.25	8382.375	16191.19	15740.31	13055.31	15064	33038.75	26295.69	34719.63	29124.06
4/3/2022 10:20:00 AM	84	55440.88	53698.63	53739.69	60646.69	27832.81	24225.63	21930.13	25558	18220.31	11682	12051.19	13588.19	8833.25	10739.31	7091.188	8915.25	17892.31	17154.56	14695.13	17400.56	38921.38	31235.13	40540.25	35088.44
4/3/2022 4:20:00 PM	90	67922.88	64213	63823.69	71038.19	33633.31	28058.38	26234.25	31235.13	20884.88	13219.31	14018.69	15391.94	9673.563	11149.19	7439.563	9222.688	21069.31	20024.06	16867.69	19429.56	45951.25	35826.44	47386.06	41237.19
4/3/2022 10:20:00 PM	96	84381.13	77371.56	76305.63	85672.38	40376.44	33715.19	30354	37670.94	24000.25	14776.94	15473.94	17523.38	10124.5	11702.56	7972.5	9632.5	24328.06	22422.06	19163.13	22524.38	53329.75	41565.19	55133.44	48636.19
4/4/2022 4:20:00 AM	102	99875.88	94997.94	98912.81	103319.3	50337.31	40806.88	37097.19	45746.38	27320.56	16765.13	17298.19	19860	11333.81	12337.94	8279.875	9858.125	27300.06	24676.56	20925.88	24512.56	63536.69	48062.31	63557.19	58310.38
4/4/2022 10:20:00 AM	108	118219.7	113690.1	117297.4	121949.9	61958.44	48882.19	44434.56	55276.81	31194.25	19368.13	20024.06	22770.44	12399.5	13711.31	9140.75	11272.25	29923.5	29185.69	24164.19	28652.63	76818.06	56629.56	73497.88	69788.13
4/4/2022 4:20:00 PM	114	143429.8	133263.7	135682.3	141380.1	72575.44	59007.31	52243.56	66877.44	38224.38	21520.06	21889.06	25844.75	13321.81	13731.81	9878.5	12194.63	35662.31	34576.13	27341.13	32936.44	88890.13	67656.56	84421.94	81019.69
4/4/2022 10:20:00 PM	120	161384.1	156977.5	161548.1	160687.3	86594.75	72124.38	63003.94	79359.63	45500.38	24758.5	25496.44	31009.81	15207.31	15187.13	10124.56	13813.75	40355.81	38654.75	30927.69	37199.5	104057.1	78478.25	95838.31	94116.63
4/5/2022 4:20:00 AM	126	177965.3	178703.1	183929.6	179912.5	104938.5	84832	77064.06	94895.44	53514.25	29021.69	28898.69	37343.06	16683.06	16949.63	11231.06	14285.13	44844.56	44537	35149.94	42651.38	121109.7	92866.31	109427.1	109242.7
4/5/2022 10:20:00 AM	132	196165.7	200797.6	204609.8	197559.4	123261.8	101454.2	93973.06	114100.1	62696.38	35026.88	34473.56	43246	19532.19	18117.94	12502.06	16170.75	51280.19	51731.13	40028	48246.88	139924.8	108525.3	121950	125823.8
4/5/2022 4:20:00 PM	138	205798.7	224224.5	219407.9	208791.1	142609.9	120802.3	113936.3	137567.9	75178.56	41442.19	41339.75	52018	22872.88	19614.13	13957.06	17933.44	58781.63	58515.31	46771.06	54006.31	157346.4	126418.2	137567.8	141195.6
4/5/2022 10:20:00 PM	144	204815	238899.6	223794	216845.9	168578.1	141482.6	131111.7	164499.4	86656	48923.19	49947.88	62389	24635.69	20618.38	15863.25	20679.81	63967.19	65217.44	53001.81	60277.94	175157.3	144741.5	155112.4	157530.9
4/6/2022 4:20:00 AM	150	197928.2	239309.6	219858.8	211824.4	191164.6	160974.3	153083.3	191164.7	103401.4	58986.63	60195.88	74235.63	26889.94	23815.75	17625.94	22913.94	70546.38	73969.06	58064.13	68168.88	194157	163536.3	169541.6	173989.1
4/6/2022 10:20:00 AM	156	189668.4	237751.7	209078	200408.3	211640	179194.9	174460.6	217686.4	121581.1	69644.5	72247.5	86410.31	30579.31	27279.56	19819	26582.5	76408.13	82187.94	66262.81	74297.13	211701.5	182761.3	183068.9	189033.3
4/6/2022 4:20:00 PM	162	178928.6	225126.3	193070.9	179748.4	230455.3	197887.4	191718.1	242322.5	138674.8	84155.56	84524.5	101884.6	35662.44	29739.06	23364.88	30620.38	85590.38	91554.63	74276.56	82823.44	221580.5	194915.3	195017.9	198481.6
4/6/2022 10:20:00 PM	168	177985.7	228528.7	188930.6	170976.1	249024.4	214488.9	211619.5	264867.9	159928.9	100388.3	98871.56	118896.2	41380.75	33899.88	26439.13	35641.88	93727.19	100347.3	82741.44	92640.88	230721.7	204241	201146.3	204487.1
4/7/2022 4:20:00 AM	174	182495	227339.9	185302.8	165216.9	262264.9	231111.2	226684	279952.9	182761.3	114510	116272.8	136358.6	46279	37793.88	29390.69	41770.13	100060.4	111415.2	91206.19	97703.25	229245.9	206802.9	203072.8	205265.8
4/7/2022 10:20:00 AM	180	188992.1	239186.3	188336.2	173968.5	277103.9	243654.5	238633.2	293152.1	201617.4	134554.9	135374.8	158186.8	54129.13	42958.94	33346.19	49046.19	107295.5	121027.6	98256.69	101986.9	233611.8	205983.3	204138.5	208196.6
