Vessel Name: H1299-Nuc-RFP_Rot_p3
Date Time	Elapsed	A1	B1	C1	D1	A2	B2	C2	D2	A3	B3	C3	D3	A4	B4	C4	D4	A5	B5	C5	D5	A6	B6	C6	D6
3/30/2022 10:40:00 PM	0	4180.75	4918.563	4344.688	4385.625	4016.688	2684.375	2110.563	4180.813	3586.313	4160.125	2704.938	3791.313	4057.625	3627.25	2745.875	3955.25	4242.125	4221.813	2807.5	3750.313	4754.563	4180.75	3832.125	4672.688
3/31/2022 4:40:00 AM	6	5369.438	5779.438	4939.125	5430.938	5041.563	2930.375	2459	4836.625	4221.625	4754.563	3217.375	4447.125	4508.688	4221.75	3094.375	4426.688	4857	4898.188	2950.938	4201.125	6250.75	4898	4549.688	5677
3/31/2022 10:40:00 AM	12	6476.188	6865.688	5963.75	5984.438	5697.375	3545.313	2868.938	5369.5	4815.938	5512.875	3504.313	4939	4877.563	5041.438	3545.375	4959.563	5574.313	5656.375	3278.813	4918.5	6968	5656.313	5185	6701.813
3/31/2022 4:40:00 PM	18	7234.563	8054.5	6886.063	6906.75	6558.063	3934.688	3217.375	6230.25	5102.938	5840.875	4037.125	5430.875	5594.938	5205.375	3893.688	5185.125	6250.688	6517.188	3934.688	5471.938	7747	6250.75	5881.813	7480.438
3/31/2022 10:40:00 PM	24	8238.875	9304.625	8218.438	7972.375	6742.625	4816.063	3688.688	6722.125	5307.938	6291.75	4324.125	5615.375	5881.938	5410.313	3934.75	5328.563	6414.688	6455.688	4139.688	5635.938	8443.75	6968.063	6271.313	8443.688
4/1/2022 4:40:00 AM	30	9919.688	10944.19	9202.125	9386.563	7439.625	5123.438	3668.25	7029.625	5430.938	6414.75	4406.188	5492.313	5676.938	5389.813	3811.75	5635.875	6681.125	6845.125	4098.625	5963.813	10206.5	8074.938	7275.5	9366.188
4/1/2022 10:40:00 AM	36	11354.31	13219.31	11005.81	10985.38	8484.875	5553.875	4406.063	7767.438	5984.375	6537.75	4529.125	5717.875	5963.938	5471.813	3873.25	5390.063	6906.625	7521.563	4385.563	6394.188	11313.31	8853.75	7972.438	10144.88
4/1/2022 4:40:00 PM	42	13895.69	15596.94	13998.06	12317.56	8874.25	5922.813	5082.438	8915.188	6107.313	7009.125	4898.063	5922.75	6209.875	5574.25	4057.75	5389.938	7542	8095.375	4713.688	7255	12645.44	10329.38	9509.563	11948.63
4/1/2022 10:40:00 PM	48	16929.06	18589.25	16150.19	15228.06	9899.063	6824.75	5963.938	10104	6599.125	7480.438	5451.375	6373.75	6066.375	5779.375	4037.25	5533.313	8320.875	9202.188	5226	7583.063	14346.75	11784.63	11108.31	13834.19
4/2/2022 4:40:00 AM	54	20065.06	22852.44	19122.19	18999.06	10985.38	8095.313	6804.188	11272.31	7193.563	7931.438	5902.375	6988.75	6578.625	6168.688	3996.313	5656.25	9202.25	9735.063	5738.375	8054.5	17113.63	13526.81	12338	15883.81
4/2/2022 10:40:00 AM	60	24799.5	28201.81	23221.31	22647.56	13403.88	8710.25	7521.5	13178.38	7870	8997.188	6250.75	7439.625	6517.25	6168.625	4303.625	6168.75	9919.625	11231.31	6455.75	9202.25	20228.94	16006.75	13957.25	18199.88
4/2/2022 4:40:00 PM	66	29554.63	34022.63	28037.88	27525.44	15207.44	9571	9058.625	15576.31	8566.813	9632.625	7029.688	8280	7152.75	6209.688	4242.125	6373.75	11210.69	13178.31	7357.5	10308.88	23200.81	18425.38	16703.69	21725.13
4/2/2022 10:40:00 PM	72	35334.5	41196.13	33776.69	33325.81	17359.44	11559.06	9899.125	18240.81	9550.688	10575.44	7664.875	9038.25	7726.438	6763.188	4344.625	6722.125	12010.13	14797.5	7726.438	11456.81	26685.13	21663.63	19327.13	25086.44
4/3/2022 4:40:00 AM	78	44803.44	50870.25	42097.94	39905.06	20577.31	13916.19	11415.56	22012.13	10882.75	11190.31	8607.75	9960.563	7808.438	7131.938	4344.625	6865.688	13547.31	17236.56	8587.313	13075.88	31522.06	25147.94	23508.31	30189.94
4/3/2022 10:40:00 AM	84	53309.25	60708.31	49210.13	48431.25	24410	16252.75	14182.56	25332.38	12461.13	12952.94	9509.625	11764	8464.313	7193.5	4467.563	6886.188	15309.88	19265.63	9427.5	14326.25	36994.63	29698.13	27505.06	35211.44
4/3/2022 4:40:00 PM	90	65196.94	73395.25	60831.25	58494.69	28693.69	20023.94	16191.25	29636.56	14039.13	14736	10923.69	13116.75	8300.313	7603.375	4816.063	7460.063	17277.56	22237.5	10431.88	15883.94	45664.44	34330.06	32546.94	41729.19
4/3/2022 10:40:00 PM	96	81491.31	87967.88	74215	71776.19	34493.94	24000.25	18896.75	36338.5	15986.31	16191.25	11989.5	14531.06	8546.375	8054.438	5144	8197.875	19101.81	25619.38	11743.69	18527.88	53657.63	40069.06	38203.94	49804.56
4/4/2022 4:40:00 AM	102	96740	103872.7	86041.25	87066	41093.75	29493.13	24389.63	42159.5	18240.81	17994.94	13649.75	16068.25	10063	8689.813	5512.938	8833.188	22299.06	29124.13	13936.75	20495.44	60339.44	46668.63	44311.69	57346.94
4/4/2022 10:40:00 AM	108	114673.9	125168	107766.9	105389.4	48636.25	34781.13	29841.44	50255.44	21581.69	20556.88	15781.31	19532.06	10739.38	9325.125	5451.438	9571.063	24902.06	34822.06	15535.38	24123.13	70300.38	54416.06	53698.63	68394.25
4/4/2022 4:40:00 PM	114	138428.6	146586.2	129615.5	126602.7	57039.44	43184.31	35231.81	60872.31	25086.44	23180.38	18158.81	22975.31	12276.5	9755.563	6394.375	10063	28406.81	39905	18794.19	26664.56	83438.38	67697.25	62429.94	79462.19
4/4/2022 10:40:00 PM	120	157141.5	165032.4	149414.6	146709	68414.69	51669.75	43368.88	71571.19	29882.44	26316.19	20269.94	25557.88	13977.75	10493.44	6558.313	11067.31	31911.63	46299.69	21417.75	30476.94	97395.88	78867.63	72267.94	92661.5
4/5/2022 4:40:00 AM	126	174296.5	190836.6	174378.6	169521.1	82802.75	62819.44	53883.31	86225.81	35232	30312.81	23979.81	31235.13	15576.31	11784.63	7132.125	12563.44	37097.06	52878.81	23446.75	35088.5	111374.1	90468.31	85651.81	103606.2
4/5/2022 10:40:00 AM	132	195899.1	215862.2	198891.5	186553.1	97067.94	75916.25	63085.81	104426	41114.13	34494.06	28468.31	35867.31	17031.56	13690.81	8054.5	14162.13	42282.5	58925.19	27873.81	40745.31	126008.3	108381.7	99363.5	120023.3
4/5/2022 4:40:00 PM	138	210922.7	231459.7	217501.9	203913.1	114817.5	90263.31	76961.56	122134.5	50460.31	39433.63	33653.88	43184.5	19470.69	15227.88	8956.25	15863.31	46914.56	66980.13	31829.69	46668.63	142077	125721.3	114161.6	135600.3
4/5/2022 10:40:00 PM	144	210840.8	242424.8	231459.6	212910.8	136502.2	107336.4	90673.25	143614.2	61282.19	45418.31	38921.19	50071	21089.81	16949.69	9550.625	17851.5	52120.63	74256.06	35600.94	51382.69	158924.7	144761.9	128057.8	154333.6
4/6/2022 4:40:00 AM	150	207581.8	237731.3	239678.5	217501.9	155911.7	126233.5	106619.1	165114.5	73579.75	52427.94	47447.38	60523.88	24389.69	18691.75	10739.31	20802.81	57654.38	81819	41483.19	60072.88	173640.7	164192	145807.2	169643.9
4/6/2022 10:40:00 AM	156	203113.8	221129.6	227708.9	217112.5	177842.3	145950.7	124040.6	187270.4	87516.88	62163.44	56978.13	72247.5	26336.56	21540.75	11682.06	22975.44	64520.63	90386.38	46074.19	64909.94	191533.6	181552.1	161035.6	183847.6
4/6/2022 4:40:00 PM	162	192251.1	196801.1	214571	210143.8	196862.6	163331.3	143224.8	205675.8	102991.3	74153.69	68209.81	84032.56	31317.25	23877.38	13813.75	25475.81	70177.38	97805.94	54805.38	73374.81	202519.4	194730.9	173784	192353.4
4/6/2022 10:40:00 PM	168	182228.4	185671.9	207827.8	208422.2	217973.3	183068.8	163167.3	223978.6	120863.9	84032.56	82106	100613.8	34678.56	26746.5	15576.31	29144.69	76182.63	106783.1	60790.25	77904.44	210738.3	202478.3	181798	197723.3
4/7/2022 4:40:00 AM	174	179236.1	184442	205860.3	209365	239616.9	202867.6	185917.7	235538.2	137383.4	100203.9	97703.44	119388.1	41339.69	31542.63	17666.94	33469.31	81204.25	113403.3	69173.13	86717.63	211722.1	204568.8	186716.9	197456.8
4/7/2022 10:40:00 AM	180	188520.6	188192.8	212972.3	213341.3	261588.5	222523.4	205409.3	247815.3	157899.8	116969.5	113321.2	134698.5	46484.06	36400.31	20925.75	38367.81	84319.63	118896.1	75936.75	91882.56	212111.6	205942.2	187864.8	198112.7
