Vessel Name: HT1080-WT_ATF4-rep_OMA1-KO-pool_p4
Date Time	Elapsed	A1	B1	C1	D1	A2	B2	C2	D2	A3	B3	C3	D3	A4	B4	C4	D4	A5	B5	C5	D5	A6	B6	C6	D6
2/4/2022 11:36:00 PM	0	3295874	3906421	3026789	3376511	3836083	3944693	4029247	3802167	5049540	5557972	5460267	4575579	2791672	3554184	3415876	2909183	3164059	3897476	3576125	4007588	2883894	3114703	3396650	2694760
2/5/2022 1:06:00 AM	1.5	3886765	4653253	3709532	3769614	4537182	4535739	4645882	4278198	6660685	7066238	6793145	5668117	3135433	3957532	3996151	3256139	3796661	4796024	4240394	4477991	3303452	3615177	3859939	2873021
2/5/2022 2:36:00 AM	3	4343655	5510930	4231894	4358654	5275297	5524086	5596828	5180259	8161393	8907163	8590149	6840236	3744664	4731760	4735158	3804251	4325961	6087018	5692969	5416369	3728455	4302774	4580456	3408829
2/5/2022 4:06:00 AM	4.5	4812224	6565179	5035237	4879771	6039858	6696012	6293621	5957599	9913004	1.058336E+07	1.014801E+07	7917068	4229052	5542914	5691259	4297704	5118574	7100617	6900427	6126311	4245189	4951763	5290593	3833779
2/5/2022 5:36:00 AM	6	5427917	7516410	5471621	5586311	7163747	7715858	7307272	6824302	1.134625E+07	1.291871E+07	1.25867E+07	9712629	4821149	6146127	6919874	4845418	5740914	8188531	8053862	7076476	4826205	5771678	6236621	4390786
2/5/2022 7:06:00 AM	7.5	6007498	8500556	6187193	6129372	8007384	8952107	8554051	8236546	1.345085E+07	1.479599E+07	1.442535E+07	1.127747E+07	5352356	7128467	7895323	5508501	6621330	9651471	9896051	8066962	5370907	6819506	7094763	4841515
2/5/2022 8:36:00 AM	9	7134117	9413813	6807883	6694355	9189956	1.002708E+07	9640356	9109951	1.557473E+07	1.728141E+07	1.684376E+07	1.301766E+07	5749317	8075218	8753239	6251110	7341873	1.100436E+07	1.151611E+07	9260316	6223174	7664988	8019537	5568052
2/5/2022 10:06:00 AM	10.5	8254398	1.112743E+07	7449431	7325987	1.06661E+07	1.127519E+07	1.075636E+07	1.050598E+07	1.764426E+07	1.984512E+07	1.949656E+07	1.512124E+07	6641904	9080012	9889300	6782396	8239878	1.239346E+07	1.294623E+07	1.051649E+07	6928722	8681298	9270626	6342760
